4294967278,397
4294967278,350
4294967278,388
4294967279,144
4294967278,262
4294967278,261
4294967294,1420
4294967294,160
650,5
650,4
650,3
650,2
650,1
4294967278,219
4294967279,366
649,5
649,4
649,3
649,2
649,1
4294967278,133
4294967279,302
647,5
647,4
647,3
647,2
647,1
4294967279,258
4294967294,1421
645,6
645,5
4294967279,560
645,4
645,3
645,2
645,1
644,5
644,4
644,3
644,2
644,1
4294967279,364
4294967294,468
642,5
642,4
642,3
642,2
642,1
4294967279,337
4294967279,251
640,4
640,3
640,2
640,1
4294967278,399
4294967279,363
4294967278,398
4294967294,114
4294967279,157
4294967278,156
4294967278,155
4294967279,154
4294967278,154
4294967278,346
4294967279,223
4294967279,219
4294967279,211
4294967279,203
4294967279,180
4294967279,177
4294967279,158
4294967278,157
4294967279,362
4294967279,566
4294967294,30
4294967294,1167
4294967294,1166
4294967294,1164
4294967294,1163
4294967294,1158
4294967294,1019
4294967294,992
4294967294,990
4294967294,989
4294967294,988
4294967294,987
4294967294,60
4294967294,12
4294967294,1009
4294967294,162
4294967278,394
4294967279,361
4294967279,246
4294967278,393
4294967279,244
4294967278,386
639,5
639,4
639,3
639,2
639,1
638,5
638,4
638,2
638,1
4294967279,283
4294967279,242
4294967294,1424
636,5
636,4
636,3
636,2
636,1
4294967278,349
634,6
634,5
634,4
634,3
634,2
634,1
4294967294,185
4294967294,999
4294967279,240
633,5
633,4
633,3
633,2
633,1
4294967294,384
4294967294,418
4294967279,238
4294967278,328
631,5
4294967279,556
631,4
631,3
631,2
631,1
4294967294,1095
629,4
629,3
629,2
629,1
4294967279,230
4294967279,228
4294967279,226
4294967279,145
4294967279,143
4294967278,143
4294967278,141
4294967279,140
4294967278,140
4294967279,136
4294967278,395
4294967279,527
4294967279,271
4294967278,273
4294967278,270
4294967278,268
4294967279,275
628,5
628,4
628,3
628,2
628,1
627,5
627,4
627,2
627,1
625,5
625,4
625,3
625,2
625,1
4294967294,1422
623,6
623,5
623,4
623,3
623,2
623,1
622,5
622,4
622,3
622,2
622,1
620,5
620,4
620,3
620,2
620,1
4294967279,220
618,4
618,3
618,2
618,1
4294967278,252
4294967294,388
4294967279,218
4294967278,251
4294967279,216
617,5
617,4
617,3
617,2
617,1
4294967278,280
4294967279,550
616,5
616,4
4294967278,285
616,2
616,1
4294967278,278
4294967278,257
4294967279,360
4294967294,1091
614,5
614,4
614,3
614,2
614,1
4294967278,295
612,6
612,5
612,4
612,3
612,2
612,1
4294967278,239
611,5
611,4
611,3
611,2
611,1
609,5
609,4
609,3
609,2
609,1
4294967279,214
607,4
607,3
607,2
607,1
4294967278,359
4294967278,412
606,5
606,4
606,3
606,2
606,1
4294967278,377
605,5
605,4
605,2
605,1
4294967279,260
4294967294,89
603,5
603,4
603,3
603,2
603,1
4294967279,551
601,6
4294967279,538
601,5
601,4
601,3
601,2
601,1
600,5
600,4
600,3
600,2
600,1
4294967294,457
4294967279,233
598,5
598,4
598,3
598,2
598,1
4294967279,308
596,4
596,3
596,2
596,1
4294967278,420
4294967294,392
4294967294,68
4294967294,11
4294967278,132
4294967278,131
4294967278,130
4294967278,129
4294967278,128
4294967278,127
4294967278,126
4294967278,125
4294967278,124
4294967278,123
4294967278,122
4294967278,121
4294967278,120
4294967278,119
4294967278,118
4294967278,117
4294967278,116
4294967278,115
4294967278,114
4294967278,113
4294967278,112
4294967278,111
4294967278,110
4294967278,109
4294967278,108
4294967278,107
4294967278,106
4294967278,104
4294967278,103
4294967278,101
4294967278,99
4294967278,98
4294967278,97
4294967278,96
4294967278,95
4294967278,94
4294967278,93
4294967278,92
4294967278,91
4294967278,90
4294967278,89
4294967278,86
4294967278,84
4294967278,82
4294967278,80
4294967278,79
4294967278,78
4294967278,77
4294967278,76
4294967278,75
4294967278,74
4294967278,71
4294967278,70
4294967278,69
4294967278,68
4294967278,67
4294967278,66
4294967278,65
4294967278,64
4294967278,63
4294967278,62
4294967278,61
4294967278,60
4294967279,82
4294967279,77
4294967279,67
4294967279,65
4294967279,64
4294967279,56
4294967279,54
4294967279,52
4294967279,47
4294967279,44
4294967279,42
4294967279,38
4294967279,35
4294967279,23
4294967279,15
4294967279,13
4294967279,10
4294967279,7
4294967279,6
4294967279,5
4294967279,4
4294967278,83
4294967278,81
4294967278,245
4294967278,72
595,5
595,4
595,3
595,2
595,1
4294967279,166
4294967278,165
594,5
594,4
594,2
594,1
4294967278,243
4294967278,151
4294967278,150
592,5
592,4
592,3
592,2
592,1
4294967278,417
590,6
4294967294,401
4294967294,1007
4294967279,569
590,5
590,4
590,3
590,2
590,1
589,5
589,4
589,3
589,2
589,1
4294967279,257
587,5
587,4
587,3
587,2
587,1
4294967278,322
585,4
585,3
585,2
585,1
4294967278,241
4294967278,418
4294967278,296
4294967279,18
4294967279,17
4294967279,16
4294967278,415
4294967278,235
4294967294,453
4294967279,199
584,5
584,4
584,3
584,2
584,1
4294967278,233
4294967279,190
583,5
583,4
583,2
583,1
4294967278,171
581,5
581,4
581,3
581,2
581,1
4294967294,115
4294967278,229
579,6
579,5
579,4
579,3
579,2
579,1
4294967294,161
578,5
578,4
578,3
578,2
578,1
4294967279,564
576,5
576,4
576,3
576,2
576,1
4294967278,319
4294967294,113
4294967294,410
574,4
574,3
574,2
574,1
4294967278,265
4294967278,271
4294967278,85
4294967278,221
4294967279,73
4294967279,58
4294967279,357
4294967279,8
4294967279,530
4294967278,227
573,5
573,4
573,3
573,2
573,1
4294967279,231
4294967279,562
4294967279,0
4294967278,225
4294967294,389
4294967278,105
4294967278,100
572,5
572,4
572,2
572,1
4294967279,210
4294967279,207
4294967294,1001
4294967294,186
4294967294,1000
4294967294,1176
4294967278,87
4294967278,200
4294967279,198
4294967278,197
570,5
570,4
570,3
570,2
570,1
4294967279,192
4294967294,494
4294967278,190
568,6
4294967278,73
568,5
4294967294,99
4294967294,76
4294967278,184
568,4
568,3
568,2
568,1
4294967294,393
567,5
567,4
567,3
567,2
567,1
4294967278,176
4294967294,120
0,7
4294967294,390
4294967294,2
4294967294,424
4294967294,38
4294967294,36
4294967294,39
565,5
4294967279,554
565,4
565,3
565,2
565,1
4294967279,45
4294967278,153
563,4
563,3
563,2
563,1
4294967279,553
4294967278,217
4294967279,30
4294967278,215
562,5
562,4
562,3
562,2
562,1
4294967279,552
4294967278,383
4294967278,382
4294967279,549
561,5
561,4
561,2
561,1
4294967294,81
4294967294,50
4294967294,175
4294967294,184
4294967279,236
559,5
559,4
559,3
559,2
559,1
4294967278,102
4294967278,360
557,6
4294967278,338
4294967279,548
557,5
557,4
557,3
557,2
557,1
556,5
556,4
556,3
556,2
556,1
4294967279,197
4294967279,196
4294967279,194
4294967278,414
4294967278,191
4294967278,189
554,5
4294967278,380
554,4
4294967278,186
554,3
554,2
554,1
4294967278,185
4294967279,185
4294967278,413
4294967279,546
4294967279,542
4294967279,176
552,4
552,3
552,2
552,1
4294967279,175
4294967278,173
4294967294,395
4294967279,545
4294967279,75
4294967278,162
0,5
4294967278,158
551,5
551,4
551,3
551,2
551,1
4294967294,1
4294967294,0
4294967278,288
550,5
550,4
550,2
550,1
4294967294,41
4294967278,376
4294967278,373
4294967279,262
4294967278,281
548,5
548,4
548,3
548,2
548,1
4294967279,356
546,6
546,5
546,4
546,3
546,2
546,1
545,5
545,4
545,3
545,2
545,1
543,5
543,4
543,3
543,2
543,1
4294967278,210
4294967279,208
4294967279,354
541,4
541,3
541,2
541,1
4294967279,314
4294967278,307
4294967278,294
4294967279,27
540,5
540,4
540,3
540,2
540,1
4294967294,5
4294967294,46
4294967294,29
4294967278,166
4294967294,37
4294967294,45
4294967294,44
4294967279,164
4294967279,332
539,5
539,4
539,2
539,1
4294967294,107
4294967279,320
4294967278,152
4294967294,40
4294967279,149
4294967279,331
4294967294,42
537,5
4294967278,146
537,4
537,3
537,2
537,1
4294967294,419
4294967294,52
4294967294,82
4294967294,51
4294967294,92
4294967294,91
4294967294,90
4294967294,88
4294967294,87
4294967294,86
4294967294,85
4294967294,84
4294967279,142
4294967278,142
535,6
4294967279,24
4294967294,493
4294967278,136
535,5
4294967294,1175
4294967294,1174
535,4
4294967294,1017
4294967294,28
4294967294,1016
4294967294,27
535,3
535,2
535,1
4294967278,276
4294967294,1089
534,5
534,4
534,3
534,2
534,1
4294967294,164
4294967294,416
4294967279,533
532,5
4294967279,559
532,4
532,3
532,2
532,1
530,4
530,3
530,2
530,1
4294967279,355
4294967279,266
4294967278,387
4294967279,25
4294967279,523
4294967278,204
529,5
529,4
529,3
529,2
529,1
4294967294,53
4294967294,427
528,5
528,4
528,2
528,1
4294967294,94
4294967294,96
4294967279,321
4294967294,466
4294967278,0
526,5
526,4
526,3
526,2
526,1
524,6
524,5
524,4
524,3
524,2
524,1
4294967294,492
523,5
523,4
523,3
523,2
523,1
4294967278,329
521,5
4294967279,296
521,4
521,3
521,2
521,1
4294967294,491
4294967294,1101
519,4
519,3
519,2
519,1
4294967294,421
4294967294,190
4294967294,22
4294967294,448
4294967294,9
4294967294,8
4294967294,7
4294967294,6
4294967294,17
4294967294,67
4294967294,436
4294967294,43
4294967294,417
4294967294,25
4294967294,1018
4294967294,26
4294967294,93
4294967294,95
4294967294,1098
4294967294,1419
4294967294,83
4294967293,131
4294967293,130
4294967293,129
4294967293,128
4294967293,127
4294967293,126
4294967293,125
4294967293,124
4294967293,123
4294967293,122
4294967293,121
4294967293,120
4294967293,119
4294967293,118
4294967293,117
4294967293,116
4294967293,115
4294967293,114
4294967293,113
4294967293,112
4294967293,111
4294967293,110
4294967293,109
4294967293,108
4294967293,107
4294967293,106
4294967293,105
4294967293,104
4294967293,103
4294967293,102
4294967293,101
4294967293,100
4294967293,99
4294967293,98
4294967293,97
4294967293,96
4294967293,95
4294967293,94
4294967293,93
4294967293,92
4294967293,91
4294967293,90
4294967293,89
4294967293,87
4294967293,86
4294967293,85
4294967293,84
4294967293,83
4294967293,82
4294967293,81
4294967293,80
4294967293,79
4294967293,78
4294967293,77
4294967293,76
4294967293,75
4294967293,74
4294967293,73
4294967293,72
4294967293,71
4294967293,70
4294967293,69
4294967293,68
4294967293,67
4294967293,66
4294967293,65
4294967293,64
4294967293,63
4294967293,62
4294967293,61
4294967293,60
4294967293,59
4294967293,58
4294967293,57
4294967293,56
4294967293,55
4294967293,54
4294967293,53
4294967293,52
4294967293,51
4294967293,50
4294967293,49
4294967293,48
4294967293,47
4294967293,46
4294967293,45
4294967293,44
4294967293,43
4294967293,42
4294967293,41
4294967293,40
4294967293,39
